(12, 11) 
(4, 12) 
(21, 41) 
(4, 21) 
(6, 13) 
(6, 22) 
(6, 25) 
(39, 6) 
(34, 36) 
(37, 40) (39, 37) (34, 35) (39, 34) (5, 39) (35, 5) (40, 35) 
(4, 40) 
(20, 4) 
(10, 20) 
(29, 10) 
(32, 18) 
(32, 17) (33, 32) (19, 33) (24, 19) (29, 24) (17, 29) 
(3, 17) 
(31, 3) 
(7, 27) (38, 7) (31, 38) (16, 31) (2, 16) (27, 2) 
(15, 27) 
(30, 14) (8, 30) (28, 8) (9, 28) (15, 9) (15, 1) (26, 15) (23, 26) (14, 23) (1, 14) 
articulation:
3 4 6 10 12 15 17 20 21 27 29 31 32 34 39 40 
bridge:
11 12 
4 12 
21 41 
4 21 
6 13 
6 22 
6 25 
6 39 
34 36 
4 40 
4 20 
10 20 
10 29 
18 32 
3 17 
3 31 
15 27 
biconnected:
5 34 35 37 39 40 
17 19 24 29 32 33 
2 7 16 27 31 38 
1 8 9 14 15 23 26 28 30 
