(33, 6) 
(44, 15) 
(37, 42) 
(36, 37) 
(30, 4) (35, 30) (34, 35) (34, 32) (22, 34) (36, 22) (44, 36) (33, 44) (28, 33) (4, 28) (32, 4) 
(29, 32) 
(40, 27) (31, 40) (21, 38) (39, 21) (39, 11) (7, 39) (26, 7) (11, 26) (31, 11) (25, 31) (27, 25) (24, 27) (14, 24) (17, 8) (12, 17) (23, 12) (14, 23) (29, 14) (20, 29) (2, 20) (38, 2) (9, 38) (8, 9) 
(5, 16) (41, 5) (43, 41) (13, 43) (19, 13) (18, 1) (10, 18) (19, 10) (3, 19) (16, 3) (1, 16) 
(1, 8) 
articulation:
1 8 29 32 33 36 37 44 
bridge:
6 33 
15 44 
37 42 
36 37 
29 32 
1 8 
biconnected:
4 22 28 30 32 33 34 35 36 44 
2 7 8 9 11 12 14 17 20 21 23 24 25 26 27 29 31 38 39 40 
1 3 5 10 13 16 18 19 41 43 
